{
  "label": "go-pgx",
  "addr": "127.0.0.1:50051",
  "concurrency": 32,
  "connections": 4,
  "payload_bytes": 256,
  "duration_sec": 10.00013575,
  "total_ok": 319351,
  "total_err": 0,
  "rps": 31934.66648690244,
  "lat_mean_ms": 1.0008743201054617,
  "lat_p50_ms": 0.835,
  "lat_p90_ms": 1.383,
  "lat_p99_ms": 5.069,
  "lat_p999_ms": 10.635,
  "lat_max_ms": 44.707
}
