{
  "label": "kotlin-vertx",
  "addr": "127.0.0.1:50052",
  "concurrency": 1,
  "connections": 4,
  "payload_bytes": 256,
  "duration_sec": 10.000039708,
  "total_ok": 54089,
  "total_err": 0,
  "rps": 5408.878522425163,
  "lat_mean_ms": 0.18385046867199992,
  "lat_p50_ms": 0.172,
  "lat_p90_ms": 0.215,
  "lat_p99_ms": 0.362,
  "lat_p999_ms": 0.568,
  "lat_max_ms": 2.493
}
