{
  "label": "go-pgx",
  "addr": "127.0.0.1:50051",
  "concurrency": 32,
  "connections": 4,
  "payload_bytes": 256,
  "duration_sec": 10.000091916,
  "total_ok": 377419,
  "total_err": 0,
  "rps": 37741.55309474057,
  "lat_mean_ms": 0.8467751093611967,
  "lat_p50_ms": 0.725,
  "lat_p90_ms": 1.192,
  "lat_p99_ms": 3.726,
  "lat_p999_ms": 7.839,
  "lat_max_ms": 21.343
}
