{
  "label": "kotlin-vertx",
  "addr": "127.0.0.1:50052",
  "concurrency": 32,
  "connections": 4,
  "payload_bytes": 256,
  "duration_sec": 10.000081083,
  "total_ok": 350410,
  "total_err": 0,
  "rps": 35040.71587936344,
  "lat_mean_ms": 0.9121183042721523,
  "lat_p50_ms": 0.852,
  "lat_p90_ms": 1.113,
  "lat_p99_ms": 2.18,
  "lat_p999_ms": 6.054,
  "lat_max_ms": 11.71
}
