{
  "label": "kotlin-vertx",
  "addr": "127.0.0.1:50052",
  "concurrency": 1,
  "connections": 4,
  "payload_bytes": 256,
  "duration_sec": 10.0000075,
  "total_ok": 54622,
  "total_err": 0,
  "rps": 5462.195903353072,
  "lat_mean_ms": 0.1820391234301268,
  "lat_p50_ms": 0.171,
  "lat_p90_ms": 0.21,
  "lat_p99_ms": 0.353,
  "lat_p999_ms": 0.456,
  "lat_max_ms": 3.928
}
