{
  "label": "kotlin-vertx",
  "addr": "127.0.0.1:50052",
  "concurrency": 128,
  "connections": 4,
  "payload_bytes": 256,
  "duration_sec": 10.000231875,
  "total_ok": 349439,
  "total_err": 0,
  "rps": 34943.08975710625,
  "lat_mean_ms": 3.660211106945699,
  "lat_p50_ms": 3.489,
  "lat_p90_ms": 3.934,
  "lat_p99_ms": 8.507,
  "lat_p999_ms": 11.337,
  "lat_max_ms": 18.342
}
