{
  "label": "go-pgx",
  "addr": "127.0.0.1:50051",
  "concurrency": 8,
  "connections": 4,
  "payload_bytes": 256,
  "duration_sec": 60.000050619,
  "total_ok": 1982886,
  "total_err": 0,
  "rps": 33048.07211899396,
  "lat_mean_ms": 0.2407325943094482,
  "lat_p50_ms": 0.212,
  "lat_p90_ms": 0.326,
  "lat_p99_ms": 0.782,
  "lat_p999_ms": 2.718,
  "lat_max_ms": 14.202
}
