{
  "label": "go-pgx",
  "addr": "127.0.0.1:50051",
  "concurrency": 128,
  "connections": 4,
  "payload_bytes": 256,
  "duration_sec": 60.000443976,
  "total_ok": 2761536,
  "total_err": 3,
  "rps": 46025.25943149031,
  "lat_mean_ms": 2.7792172982714143,
  "lat_p50_ms": 2.575,
  "lat_p90_ms": 3.862,
  "lat_p99_ms": 6.169,
  "lat_p999_ms": 9.298,
  "lat_max_ms": 41.399
}
