{
  "label": "go-pgx",
  "addr": "127.0.0.1:50051",
  "concurrency": 1,
  "connections": 4,
  "payload_bytes": 256,
  "duration_sec": 60.000025341,
  "total_ok": 445988,
  "total_err": 0,
  "rps": 7433.130193950797,
  "lat_mean_ms": 0.13298628662653336,
  "lat_p50_ms": 0.129,
  "lat_p90_ms": 0.171,
  "lat_p99_ms": 0.257,
  "lat_p999_ms": 0.819,
  "lat_max_ms": 8.901
}
