{
  "label": "kotlin-vertx",
  "addr": "127.0.0.1:50052",
  "concurrency": 128,
  "connections": 4,
  "payload_bytes": 256,
  "duration_sec": 60.000168922,
  "total_ok": 3250662,
  "total_err": 0,
  "rps": 54177.54747033877,
  "lat_mean_ms": 2.3606184795587355,
  "lat_p50_ms": 2.118,
  "lat_p90_ms": 3.254,
  "lat_p99_ms": 5.64,
  "lat_p999_ms": 8.985,
  "lat_max_ms": 48.733
}
