{
  "label": "go-pgx",
  "addr": "127.0.0.1:50051",
  "concurrency": 64,
  "connections": 4,
  "payload_bytes": 256,
  "duration_sec": 60.000110851,
  "total_ok": 2725404,
  "total_err": 0,
  "rps": 45423.31607966649,
  "lat_mean_ms": 1.4075391740089076,
  "lat_p50_ms": 1.15,
  "lat_p90_ms": 1.871,
  "lat_p99_ms": 4.138,
  "lat_p999_ms": 6.606,
  "lat_max_ms": 590.748
}
