{
  "label": "go-pgx",
  "addr": "127.0.0.1:50051",
  "concurrency": 128,
  "connections": 4,
  "payload_bytes": 256,
  "duration_sec": 60.000368523,
  "total_ok": 2959454,
  "total_err": 0,
  "rps": 49323.93038328672,
  "lat_mean_ms": 2.5932584655818305,
  "lat_p50_ms": 2.453,
  "lat_p90_ms": 3.427,
  "lat_p99_ms": 5.583,
  "lat_p999_ms": 7.67,
  "lat_max_ms": 35.011
}
