{
  "label": "kotlin-vertx",
  "addr": "127.0.0.1:50052",
  "concurrency": 1,
  "connections": 4,
  "payload_bytes": 256,
  "duration_sec": 60.000059488,
  "total_ok": 435503,
  "total_err": 0,
  "rps": 7258.37613689534,
  "lat_mean_ms": 0.1362186437294606,
  "lat_p50_ms": 0.129,
  "lat_p90_ms": 0.177,
  "lat_p99_ms": 0.235,
  "lat_p999_ms": 0.412,
  "lat_max_ms": 6.291
}
