{
  "label": "kotlin-vertx",
  "addr": "127.0.0.1:50052",
  "concurrency": 8,
  "connections": 4,
  "payload_bytes": 256,
  "duration_sec": 60.000028712,
  "total_ok": 2299778,
  "total_err": 0,
  "rps": 38329.61499133491,
  "lat_mean_ms": 0.20742100715815728,
  "lat_p50_ms": 0.193,
  "lat_p90_ms": 0.279,
  "lat_p99_ms": 0.439,
  "lat_p999_ms": 1.462,
  "lat_max_ms": 26.84
}
