{
  "label": "rust-tokio",
  "addr": "127.0.0.1:50053",
  "concurrency": 1,
  "connections": 4,
  "payload_bytes": 256,
  "duration_sec": 60.000112407,
  "total_ok": 361504,
  "total_err": 0,
  "rps": 6025.055379026667,
  "lat_mean_ms": 0.16422828516417293,
  "lat_p50_ms": 0.151,
  "lat_p90_ms": 0.243,
  "lat_p99_ms": 0.278,
  "lat_p999_ms": 0.426,
  "lat_max_ms": 7.527
}
