{
  "label": "go-pgx",
  "addr": "127.0.0.1:50051",
  "concurrency": 1,
  "connections": 4,
  "payload_bytes": 256,
  "duration_sec": 10.000030708,
  "total_ok": 49287,
  "total_err": 0,
  "rps": 4928.684864994516,
  "lat_mean_ms": 0.20184066792461167,
  "lat_p50_ms": 0.198,
  "lat_p90_ms": 0.233,
  "lat_p99_ms": 0.296,
  "lat_p999_ms": 0.544,
  "lat_max_ms": 24.384
}
