{
  "label": "kotlin-vertx",
  "addr": "127.0.0.1:50052",
  "concurrency": 32,
  "connections": 4,
  "payload_bytes": 256,
  "duration_sec": 60.000110329,
  "total_ok": 877611,
  "total_err": 0,
  "rps": 14626.823103953895,
  "lat_mean_ms": 2.186216219941324,
  "lat_p50_ms": 2.247,
  "lat_p90_ms": 2.288,
  "lat_p99_ms": 3.432,
  "lat_p999_ms": 6.474,
  "lat_max_ms": 19.108
}
