{
  "label": "kotlin-vertx",
  "addr": "127.0.0.1:50052",
  "concurrency": 64,
  "connections": 4,
  "payload_bytes": 256,
  "duration_sec": 60.000109412,
  "total_ok": 1363718,
  "total_err": 0,
  "rps": 22728.591886988408,
  "lat_mean_ms": 2.814238269202288,
  "lat_p50_ms": 2.73,
  "lat_p90_ms": 3.248,
  "lat_p99_ms": 5.783,
  "lat_p999_ms": 9.845,
  "lat_max_ms": 29.09
}
