{
  "label": "go-pgx",
  "addr": "127.0.0.1:50051",
  "concurrency": 128,
  "connections": 4,
  "payload_bytes": 256,
  "mode": "mixed",
  "read_pct": 20,
  "keyspace": 10000,
  "duration_sec": 60.000350032,
  "total_ok": 2060646,
  "total_err": 2,
  "rps": 34343.899642268676,
  "lat_mean_ms": 3.7254623409354037,
  "lat_p50_ms": 3.526,
  "lat_p90_ms": 4.587,
  "lat_p99_ms": 6.062,
  "lat_p999_ms": 12.721,
  "lat_max_ms": 602.012,
  "total_ok_write": 1649321,
  "total_ok_read": 411325,
  "write_rps": 27488.52296895547,
  "read_rps": 6855.376673313205,
  "write_p50_ms": 3.591,
  "write_p90_ms": 4.647,
  "write_p99_ms": 6.144,
  "write_p999_ms": 12.978,
  "write_max_ms": 602.012,
  "read_p50_ms": 3.225,
  "read_p90_ms": 4.266,
  "read_p99_ms": 5.616,
  "read_p999_ms": 10.973,
  "read_max_ms": 601.23
}
