{
  "label": "kotlin-vertx",
  "addr": "127.0.0.1:50052",
  "concurrency": 8,
  "connections": 4,
  "payload_bytes": 256,
  "mode": "mixed",
  "read_pct": 20,
  "keyspace": 10000,
  "duration_sec": 60.000024863,
  "total_ok": 1514210,
  "total_err": 0,
  "rps": 25236.822875614547,
  "lat_mean_ms": 0.31616245500952395,
  "lat_p50_ms": 0.301,
  "lat_p90_ms": 0.485,
  "lat_p99_ms": 0.797,
  "lat_p999_ms": 2.427,
  "lat_max_ms": 26.868,
  "total_ok_write": 1211843,
  "total_ok_read": 302367,
  "write_rps": 20197.37496387777,
  "read_rps": 5039.447911736776,
  "write_p50_ms": 0.323,
  "write_p90_ms": 0.507,
  "write_p99_ms": 0.832,
  "write_p999_ms": 2.647,
  "write_max_ms": 26.868,
  "read_p50_ms": 0.098,
  "read_p90_ms": 0.151,
  "read_p99_ms": 0.35,
  "read_p999_ms": 0.809,
  "read_max_ms": 8.137
}
