{
  "label": "kotlin-vertx",
  "addr": "127.0.0.1:50052",
  "concurrency": 64,
  "connections": 4,
  "payload_bytes": 256,
  "mode": "mixed",
  "read_pct": 20,
  "keyspace": 10000,
  "duration_sec": 60.000112019,
  "total_ok": 1944214,
  "total_err": 0,
  "rps": 32403.506169860706,
  "lat_mean_ms": 1.9740907899019724,
  "lat_p50_ms": 1.934,
  "lat_p90_ms": 2.256,
  "lat_p99_ms": 4.124,
  "lat_p999_ms": 7.582,
  "lat_max_ms": 38.326,
  "total_ok_write": 1554638,
  "total_ok_read": 389576,
  "write_rps": 25910.584958703057,
  "read_rps": 6492.921211157647,
  "write_p50_ms": 1.994,
  "write_p90_ms": 2.286,
  "write_p99_ms": 4.312,
  "write_p999_ms": 7.79,
  "write_max_ms": 38.326,
  "read_p50_ms": 1.56,
  "read_p90_ms": 1.731,
  "read_p99_ms": 3.376,
  "read_p999_ms": 6.258,
  "read_max_ms": 35.656
}
