{
  "label": "kotlin-vertx",
  "addr": "127.0.0.1:50052",
  "concurrency": 128,
  "connections": 4,
  "payload_bytes": 256,
  "mode": "mixed",
  "read_pct": 20,
  "keyspace": 10000,
  "duration_sec": 60.000284339,
  "total_ok": 1924008,
  "total_err": 0,
  "rps": 32066.6480366894,
  "lat_mean_ms": 3.9902975777651117,
  "lat_p50_ms": 3.874,
  "lat_p90_ms": 4.275,
  "lat_p99_ms": 8.238,
  "lat_p999_ms": 13.182,
  "lat_max_ms": 79.641,
  "total_ok_write": 1539501,
  "total_ok_read": 384507,
  "write_rps": 25658.22840608322,
  "read_rps": 6408.419630606178,
  "write_p50_ms": 3.936,
  "write_p90_ms": 4.31,
  "write_p99_ms": 8.394,
  "write_p999_ms": 13.429,
  "write_max_ms": 79.641,
  "read_p50_ms": 3.494,
  "read_p90_ms": 3.757,
  "read_p99_ms": 7.616,
  "read_p999_ms": 12.132,
  "read_max_ms": 77.361
}
