{
  "label": "kotlin-vertx",
  "addr": "127.0.0.1:50052",
  "concurrency": 256,
  "connections": 4,
  "payload_bytes": 256,
  "mode": "mixed",
  "read_pct": 20,
  "keyspace": 10000,
  "duration_sec": 60.000906289,
  "total_ok": 1897431,
  "total_err": 0,
  "rps": 31623.372334758504,
  "lat_mean_ms": 8.092816406498445,
  "lat_p50_ms": 7.768,
  "lat_p90_ms": 8.575,
  "lat_p99_ms": 16.352,
  "lat_p999_ms": 24.767,
  "lat_max_ms": 59.133,
  "total_ok_write": 1517171,
  "total_ok_read": 380260,
  "write_rps": 25285.80139593898,
  "read_rps": 6337.570938819524,
  "write_p50_ms": 7.835,
  "write_p90_ms": 8.654,
  "write_p99_ms": 16.479,
  "write_p999_ms": 24.876,
  "write_max_ms": 59.133,
  "read_p50_ms": 7.384,
  "read_p90_ms": 8.076,
  "read_p99_ms": 15.791,
  "read_p999_ms": 24.164,
  "read_max_ms": 54.305
}
