{
  "label": "kotlin-vertx",
  "addr": "127.0.0.1:50052",
  "concurrency": 1,
  "connections": 4,
  "payload_bytes": 256,
  "mode": "mixed",
  "read_pct": 20,
  "keyspace": 10000,
  "duration_sec": 60.000111206,
  "total_ok": 266066,
  "total_err": 0,
  "rps": 4434.4251144220125,
  "lat_mean_ms": 0.22455762104136237,
  "lat_p50_ms": 0.235,
  "lat_p90_ms": 0.3,
  "lat_p99_ms": 0.454,
  "lat_p999_ms": 1.22,
  "lat_max_ms": 6.086,
  "total_ok_write": 212804,
  "total_ok_read": 53262,
  "write_rps": 3546.7267597117325,
  "read_rps": 887.6983547102794,
  "write_p50_ms": 0.242,
  "write_p90_ms": 0.368,
  "write_p99_ms": 0.465,
  "write_p999_ms": 1.333,
  "write_max_ms": 6.086,
  "read_p50_ms": 0.087,
  "read_p90_ms": 0.117,
  "read_p99_ms": 0.16,
  "read_p999_ms": 0.354,
  "read_max_ms": 3.817
}
